G:=Sym(64);

ip:= G!(1, 58, 55, 13, 28, 40)(2, 50, 53, 29, 32, 8)(3, 42, 51, 45, 27, 48)(4, 34, 49, 61, 31, 16)(5, 26, 56)(6, 18, 54, 21, 30, 24)(7, 10, 52, 37, 25, 64)(9, 60, 39)(11, 44, 35, 41, 59, 47)(12, 36, 33, 57, 63, 15)(14, 20, 38, 17, 62, 23)(19, 46);

ip_invers:=G!(1, 40, 28, 13, 55, 58)(2, 8, 32, 29, 53, 50)(3, 48, 27, 45, 51, 42)(4, 16, 31, 61, 49, 34)(5, 56, 26)(6, 24, 30, 21, 54, 18)(7, 64, 25, 37, 52, 10)(9, 39, 60)(11, 47, 59, 41, 35, 44)(12, 15, 63, 57, 33, 36)(14, 23, 62, 17, 38, 20)(19, 46);

t:=[i: i in [1..64]];


t^ip;

t^ip_invers;